1234567890123456789012345678901234567
1.234567890123456789012345678901234567
12.34567890123456789012345678901234567
123.4567890123456789012345678901234567
1234.567890123456789012345678901234567
123456789012345678901234567890123456
0.12345678901234567890123456789012345
1.23456789012345678901234567890123456
12.3456789012345678901234567890123456
123.456789012345678901234567890123456
1234.56789012345678901234567890123456
12345.6789012345678901234567890123456
123456.789012345678901234567890123456
1234567.89012345678901234567890123456
12345678.9012345678901234567890123456
123456789.012345678901234567890123456
1234567890.12345678901234567890123456
12345678901.2345678901234567890123456
123456789012.345678901234567890123456
1234567890123.45678901234567890123456
12345678901234.5678901234567890123456
123456789012345.678901234567890123456
1234567890123456.78901234567890123456
12345678901234567.8901234567890123456
123456789012345678.901234567890123456
1234567890123456789.01234567890123456
12345678901234567890.1234567890123456
123456789012345678901.234567890123456
1234567890123456789012.34567890123456
12345678901234567890123.4567890123456
123456789012345678901234.567890123456
1234567890123456789012345.67890123456
12345678901234567890123456.7890123456
123456789012345678901234567.890123456
1234567890123456789012345678.90123456
12345678901234567890123456789.0123456
123456789012345678901234567890.123456
1234567890123456789012345678901.23456
12345678901234567890123456789012.3456
123456789012345678901234567890123.456
1234567890123456789012345678901234.56
12345678901234567890123456789012345.6
123456789012345678901234567890123456.0
123456789012345678901234567890123456.00
123456789012345678901234567890123456.000
000123456789012345678901234567890123456.000
999999999999999999999999999999999999
9999999999999999999999999999999999
999999999999999999999999999999999
-999999999999999999999999999999999999
-9999999999999999999999999999999999
-999999999999999999999999999999999
0000000000000000000000000000000000000000000
0.00000000000000000000000000000000001
-0.00000000000000000000000000000000001
0.000000000000000000000000000000000001
-0.000000000000000000000000000000000001
0.123456789012345
1.234567890123456
12.34567890123456
123.4567890123456
1234.567890123456
12345.67890123456
123456.7890123456
1234567.890123456
12345678.90123456
123456789.0123456
1234567890.123456
12345678901.23456
123456789012.3456
1234567890123.456
12345678901234.56
123456789012345.6
